-2995
-1599
4816
-2282
-2917
3434
877
1275
3405
-1862
-2614
-3329
493
-355
-439
345
4372
-4384
626
-1819
-3631
3159
3568
4103
-4790
-2502
451
4537
3507
-2186
-2525
-4487
1213
-2708
-1769
3296
-4274
4108
-428
4131
-2754
1957
-4198
2738
-3397
361
-1915
-4025
977
3710
-845
2346
1870
-2276
1449
2079
220
-3098
1617
-1271
-285
4092
-758
-4071
-3616
2471
4225
-2890
1579
-1202
-3759
3825
-4245
-2957
1564
-2642
2404
4648
-1668
-1617
3359
2486
-4271
230
-4790
2177
-2689
430
4078
3927
4158
-1206
3019
-1600
-277
4403
-4128
-1052
-3487
2451
2745
-2246
1276
3500
-203
-2159
-4142
-2798
-2510
-810
583
-4150
-3324
1311
1079
-3114
-1511
3389
2315
-2432
2317
1473
1361
336
4873
-3916
-260
-4255
31
1252
3195
-2223
4006
-527
-3723
-1196
2313
-2865
1004
4802
1323
-3412
-4348
2998
2898
1731
4883
-3612
120
2199
-1044
-2561
-1326
-4683
2774
-1453
-3600
-2485
-708
1431
3767
-2513
4208
2774
1959
-4514
-3422
-727
-2380
2582
-925
3942
4169
-273
1941
2068
-3542
1824
3456
1578
-975
-2588
4016
2697
-2272
1791
-3756
-872
4305
535
-4440
3073
3021
4767
847
-18
-4747
2425
4253
-2128
7
-1671
-3186
-822
3054
3755
-3754
4511
579
4701
1090
4604
-2887
106
2301
-159
-3102
3545
3968
-3796
-919
4527
4277
-2897
4295
124
2083
4547
-2449
1336
-2580
2557
4664
-766
-3264
2719
-2011
-2019
2231
3568
-2317
-1678
3172
-205
3428
474
4635
-4674
-980
3604
-3470
3100
3131
-4193
-4797
2426
931
2286
1974
3482
-1376
4393
1040
-1711
-1373
2775
-3992
1615
-4244
3239
183
-1562
-3439
-1643
3232
4988
3830
2868
-4685
-2150
1472
-3155
-4050
-395
-2348
-3847
-2968
3582
3439
4005
2065
-2936
3399
-1894
351
-2973
-4119
1359
3641
-3364
-401
-1174
73
1159
2181
-1693
1148
1011
-3825
1463
3861
2647
3307
4811
-2748
-4040
-4035
-716
4542
4403
-1711
1607
-3533
-3311
4712
1818
-1284
-4407
-1822
-2642
-2771
2776
1182
2301
-1064
-1635
-4391
-4915
4375
-3217
1547
3237
4429
-144
3048
-3318
814
4012
964
356
3416
4253
-3036
4882
-4057
-3324
1700
-342
-2731
4878
2014
-503
2654
-1802
-3201
-3409
1561
-2593
-3325
937
-810
3222
-825
-1380
-1922
-2777
300
3892
-3764
-3735
-750
4651
-4481
1212
4534
-3539
2888
1235
1117
-4842
1113
-1867
-346
-1231
1329
1452
359
-2108
3859
2034
3829
-1951
256
-1996
1667
3334
226
-3032
2227
1461
-1767
-3523
1113
-1249
2689
647
211
577
-3117
-3671
734
2996
-538
-4611
-3234
-4208
1841
2124
-1317
700
-840
-2488
3748
4416
515
416
2751
-4257
2383
-21
2204
-4383
1454
-1682
-632
-855
3965
4578
4721
-4151
-4092
456
3844
368
845
-4389
1159
-2312
2735
4842
3387
-3105
-2646
2136
-3688
2869
-2447
4062
3611
4936
-959
815
-4447
-4504
4133
-79
-360
3098
-501
-638
3946
406
4818
2791
-4225
664
3401
1934
3351
1136
1776
1739
3031
4130
-1124
4342
1999
1427
3405
611
1363
-2553
-3573
1916
-2058
-4440
-3163
2581
3658
1335
-3056
2604
-3258
-3237
396
-2483
2427
-1202
4450
778
4934
1226
-2482
2965
357
1393
2308
-2643
-2179
713
2967
4184
3159
4394
1100
-3898
4954
2937
3683
3613
-726
-4372
1217
1015
-2610
-3386
3531
4817
411
2982
595
346
-790
3113
-1688
4566
-493
-4379
-3076
2327
1333
4891
1511
-506
4285
-2387
595
4240
-4449
-721
2853
-176
-94
-928
-4161
2295
685
4370
2112
-3902
2353
-2291
1443
-3437
-4177
4755
-3871
329
-4624
-1948
-2343
1709
-2056
4168
-3796
-2771
-3219
1798
-3530
-2669
-3923
4323
2154
982
-1605
2993
-1721
4080
2363
-4608
-4822
-282
-1900
1620
1279
-1077
1375
2408
4251
1751
-4539
-3091
-1539
-1596
-3922
-336
631
-2141
-3537
2101
189
-2461
1424
-2656
3521
4819
-4663
-3200
3899
2700
-2809
4077
-2582
290
697
3697
4213
-2926
1105
3465
3824
1565
-4625
-2714
4968
-3548
1949
600
-690
3411
-2298
4498
-4049
4126
-3157
4471
3945
-2820
-3728
2845
4880
-1537
1922
-2702
3752
-2379
-4004
2966
-306
2100
1431
-1481
-1334
1805
803
-1365
3256
-2246
4234
-2433
-3835
-3063
-2935
-2885
-3936
-1092
-3413
-4991
1086
-2142
2853
966
1319
-223
3264
72
2396
4259
-1961
-2910
1359
4469
607
-4974
1275
-3588
-1339
-468
-835
-2104
2098
329
-168
4163
2443
894
-1929
4029
903
4156
-3112
-1242
122
3206
3533
-1612
-1721
930
-2353
1317
3020
4006
786
-1371
4032
-2938
39
-2307
1593
4204
588
-1307
-466
-4580
-2144
-3023
1314
925
-3993
-2781
82
-2105
976
-4794
-3899
-489
-1407
-620
-4559
1239
-4303
3460
245
1483
-2911
-721
3545
2128
1970
139
1332
-2441
3831
-4134
-2021
-3313
-2157
4293
2612
-1150
-3487
-2304
1743
2488
-2099
2844
-3001
1493
-2775
-2560
-2267
-2079
-4100
2977
4404
-2011
-2743
2949
-4883
4226
-1911
1449
-3214
-3079
2314
-235
-1393
-4842
-941
-3780
-992
570
-1085
-4248
-1940
1814
3595
57
-1692
-4180
2497
1040
-1259
3396
-981
-1855
-3615
1274
-3906
-3498
501
-817
2950
2286
1102
265
-2948
4709
422
1110
-4071
4430
-3318
-156
-4818
-259
-3341
3776
4798
-33
4596
2295
-3993
-1663
692
24
1481
2077
-3701
2574
3578
1799
-3242
1529
-913
2860
-3205
1138
2569
2217
-2751
3498
1647
-1070
-1658
1828
3670
0
605
3468
4965
201
764
-4028
3538
-3543
996
19
3533
2294
-2405
2112
-905
-648
-1358
3181
-2787
435
-680
4781
-2346
1568
3280
4300
-4501
-3378
1129
4168
1621
-3265
2637
1587
1936
-1597
2559
474
-140
-1444
-4505
-1606
-4149
-1911
-4494
-54
2440
-852
-1873
4652
4583
2446
4434
-2763
-984
2714
-3463
-486
4336
2666
-1317
957
4400
-3679
-2455
1337
-277
-4896
-3188
4581
-1340
-2693
-2025
-490
394
-1519
4455
-2165
2627
-2418
-2512
2210
-4971
-3078
4446
-956
4635
-4016
3557
3971
3649
-2760
-70
3050
-1440
2474
-612
3281
2578
1199
2863
-3762
3505
-4161
747
-1099
-681
202
1735
-3053
2784
4222
