4141
-4857
-539
-560
-3378
3168
-1984
-4378
-558
2451
800
-4566
-4378
-4645
-4121
-904
-438
-3325
992
-1808
-1046
4197
1331
577
1698
-223
724
1837
-2712
1533
-3986
-3571
1675
474
868
3297
-1357
3884
3918
3084
1335
-280
3517
1957
73
4395
-3947
4634
-3929
2044
-2173
23
1242
4158
-4399
-2059
-1065
1325
4777
1222
-2141
-4209
2651
4534
1264
-1480
2831
4906
-2596
1750
2991
3739
-3530
1508
696
1543
903
1748
1178
1974
-1206
4004
-3002
-4964
3162
-2401
-2023
-2902
3923
-2246
3320
-3217
-1455
971
-3682
4809
4491
4148
4716
-3104
899
2707
-4365
2368
-784
1331
-1087
-4880
-1919
-4909
2093
1873
4095
4090
1909
2258
-3311
4885
4355
-4387
-2360
2675
-2604
1183
-1352
-1287
992
-1861
-2138
708
33
3760
-1583
668
1129
2631
-3000
-4958
2750
79
-4868
-156
-3047
4226
-1065
3862
1485
623
3747
840
1235
-3613
-1483
3630
2570
2163
-2656
-1436
-4697
204
4272
335
-1035
-2311
-3996
-4906
-4680
-1996
-4865
3070
3082
-4733
-2086
-4964
4493
1848
3897
978
-2528
2645
-3180
3707
4032
336
2338
1603
-2499
4681
-4833
-2197
-114
4439
3138
3849
-2872
4142
3943
-2552
-2854
4078
-4482
-4771
4344
-1568
-4735
3838
-4719
4162
-183
-2248
1807
1636
-3540
840
-3027
3797
-2556
-527
3478
-2389
2274
-1635
-2950
413
-2785
-822
-444
-3842
1625
1701
-4763
2143
1929
4580
-4425
2193
3418
-4145
1356
-1764
-1393
-1836
4871
65
4004
-3155
-1137
-3552
1316
-2658
-941
-1408
706
1108
4005
2920
-4714
-1439
4078
1911
-4738
4315
-945
2191
3895
-371
-614
2314
483
-4258
-4449
4089
-1094
-4577
-844
-2090
-2733
3018
-642
3583
-4640
3416
-2825
1066
-475
-3820
-1012
-189
-259
-1933
-3278
2
-2618
775
-2806
-3723
-4595
1578
3591
888
2320
4141
-21
-3774
4563
4133
-864
-3169
2151
3493
-4586
2511
1909
-2411
-1421
-3566
-1232
2565
1244
3508
-4368
2965
-1489
-1986
-1258
703
-709
-853
-2717
-2118
-4964
4603
-2976
13
-4171
-3412
-852
-35
-1582
-3700
-1542
-1169
3811
-4633
1418
-2610
-3199
-4813
4955
3044
3694
-4413
1010
-2795
-1400
4752
2908
2889
-1101
-4808
-4228
-1065
4794
-2205
3947
-4376
-618
-1904
587
2799
-605
4044
-3370
-1794
4411
3048
594
-3788
3234
549
4255
1929
1136
266
4134
4736
18
2042
2626
3917
2234
3398
-2148
2029
-3807
-3200
2653
574
-105
-1759
-1625
4288
-2714
3
-2506
-3302
-1948
3088
-2091
-3713
-1361
-2835
3215
4775
2430
2349
4512
-2551
-607
2138
-3633
-3372
537
-782
3656
1730
1016
1309
-2695
-4089
4550
679
-4800
-3163
-4317
-2306
-1466
-1265
-4218
1442
21
-579
3607
-1763
-803
1037
-4413
-1291
3486
-21
-4152
4852
1605
1384
-929
261
-1885
-4912
-3428
419
-4002
-3877
-3901
-3802
-2041
-3218
-1109
1492
516
-327
-2065
-4462
4092
-3458
-1225
-1711
2579
-639
1997
1066
4338
2844
918
944
-770
4989
-3793
2343
-4923
-2222
-2236
-3925
-1100
-1137
-2728
1857
643
1161
-1649
-3839
-4166
1284
-3302
4926
2826
472
-1784
405
4832
-4787
-3528
4171
3057
2390
115
-2713
2379
1321
4630
2456
4098
-2605
3530
-2001
1256
-4197
4856
-3100
1964
-1793
-1939
2797
4490
-241
2724
2316
-4769
-4060
-2277
-4937
-3847
-806
4233
4209
-3416
-650
-3503
3963
-4329
-3872
1419
4768
-1478
-49
-2232
4777
753
-2376
-3322
-2282
829
-262
-4484
320
4495
3239
-2362
4725
4179
359
4788
-4668
4553
4022
4541
-3863
-1628
-3962
-4899
-958
-2835
1520
-1189
685
-3528
1577
463
2224
4201
2140
4941
30
-3122
-4543
-4648
-3626
3695
-2011
-3900
2874
3348
-4112
3206
2901
4909
2747
4038
-1719
3785
4138
2322
-4050
659
-3867
1635
2130
2710
-2901
-645
1911
4239
-703
-3057
-3882
-247
-2706
-2509
-1551
282
-1409
-3676
-1369
-522
4530
-3467
-612
2277
-4429
2668
1062
4709
-9
2012
369
1122
-1351
-2500
-1166
747
1854
-4255
-13
-3849
-2313
1104
903
-19
3594
4352
-4737
-2814
-4323
-1106
1662
-4793
425
-3950
2484
996
3718
-1452
706
-1291
-4440
-3923
4831
-792
-1424
-1335
4954
-4569
-591
-58
-3418
2095
-3954
2485
-2924
4640
1837
-2662
-3174
2514
1231
3488
2721
-3342
4538
205
2654
3256
3752
-1639
-3035
4312
-563
-3204
-1479
3012
460
-1525
3443
4868
3416
-4975
1963
4461
2509
4039
4102
-652
-3623
-4072
-3138
2608
4416
4582
4265
3954
-211
1919
2210
-1459
-4719
4174
-2146
-282
-4029
1373
-2269
1430
4848
-3826
1299
3264
-3802
-1736
2726
3707
-2697
1828
-1945
-1320
2756
-84
-3712
2172
-501
-4446
1127
4286
2472
-1662
-2172
2752
-2487
681
-2529
-1516
-2945
200
4914
-3097
1373
1214
-4833
2571
4477
2893
1278
-3219
-277
4332
460
-2521
-751
1748
4651
3747
2301
778
3034
-225
4116
-4138
-2473
-3371
1543
-2
111
3597
-4802
26
-4500
1571
-3759
-4333
-857
-4282
3559
-4579
-2501
-1717
4753
2959
760
-998
-292
412
-2251
-2990
-3808
-4216
1783
-4692
-3355
4310
-3063
3188
-692
2048
1785
-494
-2925
2285
-3923
-1685
2951
219
-967
1511
640
1531
4793
393
-509
554
4395
4198
-4032
-2855
-3792
-2841
-2072
2990
-2533
-427
2301
-596
-2239
-3391
-3548
4545
1113
-1473
1831
2190
1841
-217
-2590
-4125
-3705
3049
2405
-3911
-1556
-3103
1643
-2161
-3904
2611
-16
-2697
4770
2910
-4706
-2763
-2516
2594
1640
243
4203
3092
-210
317
-3381
-3379
-2492
3460
1403
-82
4334
2698
-2032
1740
3787
1410
3637
430
4249
4732
-1958
-767
-2964
-2187
-2856
-2670
49
-373
4924
-3310
4870
4128
4781
-340
-554
-3599
1280
1953
4860
-2316
-3128
4195
-4617
-161
936
4169
-3750
-425
-399
-4500
-693
2642
-268
1342
-4545
1875
3672
503
-3498
3597
2192
-3627
2725
1974
1031
-2828
3374
-2688
4124
3235
-4
-4003
2431
377
835
-1632
-453
2084
2941
4147
2583
-2751
1789
-2684
3591
2243
4191
2263
-2253
-4307
860
4939
-2935
-1414
1913
3096
757
287
-4591
-118
-1476
404
878
-4045
-4218
-3286
-678
328
3798
