2813
3836
748
-4015
-4324
-1638
-4881
1208
1426
1177
-4383
-1236
-3047
4148
-2675
-2491
82
-1703
1515
3086
1270
-3444
-1171
-4987
-1351
-4450
-4400
-3636
-1298
-4043
4615
-3484
4793
363
-2500
-4531
3725
-2381
1677
152
3795
2294
3915
-4252
1442
-3759
-1743
-3474
-463
4771
4612
-4192
-3673
-1558
-4180
-24
-1009
-3580
1339
2692
-2624
954
4207
-2831
-3681
-3292
-2362
-4955
-674
4315
196
-1879
1609
-888
-1131
-1948
352
2124
-422
4888
1896
-810
-4303
3223
2630
-3483
-1800
-3378
-2064
4538
4313
311
493
3520
2480
1812
-4772
-4882
1856
-447
4432
-2947
2673
1042
1164
-3457
4094
-3483
3667
-1328
-3594
563
2860
-2897
-1212
491
-1381
1986
2112
1554
1524
1426
-3133
-2981
-53
4346
3830
174
4464
686
4726
3897
2739
2400
-60
-1095
3943
-966
420
2611
2705
1826
-1825
566
3928
1962
-3942
-2452
-1051
3170
4101
-4527
-403
-4032
-2508
4543
-4685
-3678
-282
4778
2008
-555
3676
-252
-3154
-1384
3651
-4211
2649
-927
3399
354
-4100
-3425
-4079
4827
3536
-3021
-2625
-2515
-4850
-3523
-2042
-254
-2555
448
-710
-2241
1770
4006
-2462
-1221
-1549
-3785
3525
295
-170
2177
1084
-2520
-3749
-516
2834
-2850
1057
3755
-3022
-405
-4266
-648
2078
-4117
828
-4963
628
3272
485
4917
-3968
-2744
3924
-1430
1033
-2625
-216
-440
2670
4613
-3262
-1245
-2907
-2012
3237
4927
136
-704
3682
2113
3889
4415
-3534
968
-4701
2294
1005
927
566
-3509
845
1598
-1253
-230
-4832
4780
2144
-48
-660
-185
-435
1076
3568
1657
4064
1806
1584
-798
-3897
266
-3685
4992
-317
-2219
961
-18
-4925
-3032
-4091
641
-1542
1753
-2759
2204
-3476
-2591
1984
3667
2359
-3675
-1518
-3076
2401
-2949
3581
1465
3857
165
-4333
4960
-4567
-3018
4952
114
-237
914
-4903
-162
2881
-3995
-4521
-3660
2758
-2280
3543
4281
127
528
2949
-2513
1852
-3568
-589
-746
-1518
-2008
-4280
-2660
3157
-3614
-2700
3589
-1632
-2747
-1295
3129
3166
-1199
-2033
1048
-194
-1554
2387
-2436
1164
930
-3154
-3708
-3540
4794
-1221
3311
-3774
3188
-2434
-292
-3820
-1714
2046
4337
-329
4346
2926
3038
-3400
-3368
1167
4765
431
4134
814
-4763
-2419
-1798
-2199
3744
4132
-354
-4963
-4408
-559
-1185
3903
666
-2996
-3530
-4626
-1816
-245
2420
-2479
4425
1767
-4553
2463
3366
-2922
-1368
3132
2509
-2233
-1053
2745
346
2147
-4453
-908
1280
192
-872
1871
4632
2942
775
298
4945
2244
672
-1870
-3000
-1906
649
-3575
4860
1096
3888
3227
3174
-2480
1359
683
285
-4693
-1570
-4368
2454
-1024
-277
-1265
4167
3850
-4393
3800
1793
1382
-901
1739
-1372
4771
4868
626
-2135
517
2051
-2274
-3386
939
-4047
4787
3459
2312
471
-1255
2619
3900
-623
73
-2123
4099
3808
-2956
2950
4415
-4156
-256
797
-57
-3517
4424
-285
-3648
51
2578
1868
-2897
-4695
3482
3041
-3742
3270
1500
3569
-1258
-4754
1189
-2357
-378
-3736
518
-1278
-4928
2562
-3328
4487
3405
1415
284
-1651
2898
-290
3062
4249
4760
641
1117
-3137
946
-399
4904
2203
-2128
1404
772
1612
1649
-3038
4255
-3728
-1774
-226
-7
-1703
-2664
1664
-2216
-4258
-1920
3068
-909
-4022
-2221
-2846
-4772
-2460
2795
1345
-598
-1258
-4054
-694
-4055
-1183
-4289
1717
-4570
2359
3679
4684
3631
-3095
-542
-1376
201
1793
-4711
2985
2534
-1631
1053
-3374
-653
3832
-1221
-426
-3628
-3426
-4081
773
314
-3136
-4920
1259
680
-4210
-2023
1110
3149
-3344
794
1780
-1440
-4747
-4595
3760
2046
-4307
1745
-418
-938
-2200
1206
3407
-3367
4984
-2019
-1996
-3441
-1101
3777
1872
762
3856
-1868
-3556
4646
1108
2553
2795
2763
-1651
-424
-3676
-1398
-19
-4915
-4352
672
1830
228
4733
4630
-3565
3140
-3737
-3580
-3878
-733
-2022
20
-1956
4850
-4217
-3100
-2017
-2773
-3454
4090
4779
4341
1854
-1871
-1082
3178
1729
3897
3262
2377
-430
92
-2393
-696
-276
-959
-2555
985
460
-1434
-4748
3438
3586
-1704
3288
4368
194
-3728
-3404
1740
-4638
-3624
1082
2216
-496
4999
394
-3766
3896
-1343
3610
-1533
3749
-3783
2769
-1527
257
-4785
4458
-4281
-1219
4710
4156
-2633
-1994
2445
-3264
3200
3716
-1669
-58
4078
-294
-3976
1294
4208
-3977
-3311
-4557
4918
345
4053
-1615
-904
-4730
-3845
2568
527
-3631
2026
1246
149
1737
402
2515
4742
-2152
4250
2942
-3435
-2419
-2116
-4357
2286
-1092
1937
1494
-70
3625
1937
-151
-1028
990
3232
3066
1260
4387
635
-3212
-4243
-2337
3033
905
4399
-1563
-1579
4141
1284
-2328
2084
2848
252
4968
3491
-2461
-1124
428
4033
3804
-945
970
-1346
3025
-3039
-3113
1092
3220
-3726
-3271
-4991
-2970
-609
3042
2934
-1210
-3521
-3645
-2068
2763
-973
-4984
611
4278
4984
-896
-3183
-1140
4531
-4150
-2335
-1414
1820
1317
-3388
3780
3203
2704
2001
4477
4432
2010
-3493
-1177
52
4440
2612
1531
-4204
-4456
-704
-178
-4440
4906
-899
-4456
-989
916
-596
-1458
1766
2067
2127
-1413
-1614
3739
-2632
-3410
1443
4368
-3933
876
1379
-2427
4698
-3568
-2986
2311
2963
-2190
2854
-2741
2631
3414
-2834
-3268
3958
1175
2648
-1638
4717
-585
-4570
1845
3000
-1185
584
-4631
403
-2971
4736
1469
2904
1116
4042
2603
2547
-3944
-85
511
-1135
-2230
2770
-3503
-3816
4935
-1772
-4857
1111
-4124
-1496
829
289
-1067
-2324
-1709
2747
3259
-1341
-1848
-4711
-1604
4621
3192
4511
3663
796
2059
4719
-4289
-2428
-1415
-1519
-4658
80
-335
-4722
3307
-193
1389
4183
3309
-2780
-527
-2757
-105
2763
4989
-1845
-3577
-1858
-1557
-182
-2237
-3364
-670
-3574
2431
-3610
-3854
3142
-1039
-270
-3377
-697
4809
1286
-420
3117
-3907
-4030
2300
4402
-1811
-3226
-3355
3082
4537
-3365
-3762
-4040
-224
-320
776
2537
1315
-4893
3963
-1253
-3504
-4891
-3110
456
-161
-1487
4758
-351
4799
-661
-2234
-4107
307
-4933
-4705
3496
-3159
-3060
1579
-3622
-1425
2816
-2663
3349
-2504
3113
887
