4156
2813
-3856
3603
-3143
-4220
4587
-4586
4750
3236
-2347
-319
1287
1212
-2845
-4324
-505
4732
1874
-2642
-4030
380
-1804
1717
4280
2514
-3079
1016
4460
4704
238
3616
2517
1382
2220
4374
2161
1807
4787
1912
44
-2559
-3407
-3667
3653
-1253
-2992
-1852
-1520
3882
505
-551
-737
3700
-3833
-1456
1215
-1913
4559
675
-2208
-201
-707
-4690
-3819
-3486
4683
3341
3320
4471
253
-1634
-3087
1846
-302
-4434
-4406
1705
-1286
-927
587
4218
3521
4849
2919
4687
-1606
-865
-2225
-2046
4810
565
2751
-897
874
3931
615
558
2273
-1063
30
-2472
2302
1942
4373
-2999
2508
4966
3705
-3778
-961
-707
-4559
-2440
-857
3359
-2752
2536
-2505
21
-4510
-2695
-4412
3240
1407
1461
2172
-2976
-2979
-554
960
2050
1973
-1737
-1007
1346
262
-3498
1313
-1031
-2276
-4648
3260
-1836
-2088
-2596
-3476
159
4939
-981
-4819
-4571
1323
-4232
3669
-2269
2229
841
-245
4249
-4712
-4285
1299
2260
-1022
-4707
-1392
4240
-3205
4920
-1791
-482
-4727
-3530
2681
-1815
-1127
4204
3343
-1187
-1777
3524
-758
4546
4291
-2089
-2723
1521
3752
2031
770
4040
2746
-2929
1301
-3276
-2636
4908
-4035
-841
4829
-826
3675
-4897
642
1356
-1713
4515
561
-3369
-1671
3784
-4845
2569
3330
4446
-4520
-4392
967
4232
2638
-3261
3272
385
-1190
-426
2108
1173
-517
3073
-4668
-687
-2753
4007
-585
2888
363
2701
2404
-4074
4331
-4267
4709
4486
3301
3039
3932
3781
3646
-99
3014
1285
1639
1286
-3329
-4550
-4139
3779
1622
343
1852
1954
4655
4098
961
-930
1987
-3675
-3229
-608
-2750
-3897
124
-3040
-4411
-1573
4998
4521
-2791
3645
-578
-4777
-68
-3938
1509
1601
-3489
2369
381
3133
-2286
-2766
87
-2631
-3667
-3951
1438
3319
-2626
3209
-2288
-376
4311
2836
1582
4899
-3737
1581
4420
-1529
227
-1157
-1307
-4841
-95
-4798
1760
1414
2571
-2858
-451
-4714
-625
4635
-2346
706
-4315
4092
-973
-1942
2301
1738
2681
1612
-425
-736
1512
837
-4154
933
4308
1072
4776
-1999
1230
-319
-1797
-2009
-3904
-4225
131
643
-3940
4506
279
-1286
213
963
-2194
4240
4020
-4893
978
1702
1719
-4446
-4034
-1767
1390
-3188
4165
698
2883
3942
3699
-885
-1376
-3097
2105
-281
-2323
-2762
-4637
-1263
-3256
641
2449
1957
-3395
-4745
1197
-4374
-4638
-2823
2327
2081
-2270
3293
-4685
4120
-4895
4480
-180
2988
3422
-1481
-2897
-2954
421
4208
1763
3097
-3554
2126
-3165
-1810
-2232
4283
-4853
-627
4538
1344
-2
4900
3520
-2674
1981
-3749
-4380
2296
-4629
-4276
1776
189
3711
198
3708
-4185
2243
-870
-4977
-992
-2772
-3532
-3865
-938
-342
-1098
-1655
-196
3273
-2116
-3852
-1728
-2216
4668
597
4765
-4081
1216
2061
-3711
1940
-1162
1478
652
4036
186
1466
1280
4316
1489
-4712
-3456
2957
-3577
605
-2385
323
3949
2417
-1402
-3166
3565
1869
-383
3233
-2533
-617
4151
3683
-3556
-4559
623
281
1918
-3724
-682
-2895
2742
-4402
-3579
-768
-4114
-2035
-2811
-2692
3569
-196
2631
2519
-2779
-3771
4352
-4213
3098
-1030
4020
-4435
3351
3171
4248
4795
3611
-128
76
530
1146
4393
2634
-1111
4991
4055
3120
-4123
-2979
-4691
-1816
-4410
112
-4185
3109
2332
-2956
2462
3119
-4858
-3568
2139
-4293
4783
311
4954
4578
-1076
-174
-344
4453
-4027
-951
2088
-138
-959
1143
-2018
-83
3163
-1709
3100
3753
3402
3914
1862
735
-4041
-675
-1145
-3900
756
-4005
-3193
539
1305
-3239
118
-4771
1586
4773
4682
2559
-1177
1770
-2579
2862
-2086
402
-2221
-3922
3692
-4120
4831
2095
4793
1694
-2169
-4247
-3980
1685
-3148
1775
2680
-1341
-2684
-1013
419
2434
-784
-2994
2207
-1102
4565
-3969
-4332
-3014
3892
-1418
2388
-3328
-340
1080
-2449
-508
-1823
-2655
-3814
1007
-1903
-2794
-2306
-51
3980
-4626
3606
-3703
-640
-974
3730
3575
1031
938
-2527
596
1968
-1859
2582
860
1721
-29
2532
-3618
-3948
-4917
872
-772
-2572
2057
-4764
524
4262
-2071
-4527
3243
-1698
4079
4540
2661
-1894
3271
1236
4137
-790
3709
-266
-3822
-3150
-2683
2038
3570
2286
-429
4952
3338
-346
824
-2434
2081
-2118
-2199
-2394
-2855
729
-1922
-4611
4030
-2842
4928
1692
263
3199
-2070
-599
-2591
-3361
4134
-1413
-1512
-3549
-4375
-2941
3737
195
-2989
2075
4849
2835
4641
1930
-4283
-2557
4535
-2138
3171
-2386
-1750
2202
-228
-1822
-1104
-4965
-3622
1824
-565
-1213
3463
-1430
2372
-3048
19
2997
-989
-1242
-1807
1021
-4167
-1957
-1143
-4525
4972
-426
-2082
4508
2434
-3910
-2877
-4315
3291
1893
-1137
-2812
1928
239
4012
-3637
4025
2475
-68
1398
4426
4951
-604
-1562
-1291
2588
4458
-458
-4369
-1685
16
-4396
2887
2933
-4888
322
4022
-2765
1006
2314
4127
4868
4501
1055
108
3513
2418
-865
989
-2649
-4467
416
-2698
-72
3853
1010
-2484
3311
-4447
-1853
-3374
568
-1250
4513
-1497
-1138
-163
-2474
1095
-4156
4839
222
-4287
4341
-3721
820
2855
3697
4954
-1155
-3952
-4513
4261
-1650
414
3114
4360
2930
1425
4912
-3923
3051
481
-174
2565
3983
3686
-2598
-3491
-217
-1754
-3651
-4994
-1042
-4309
-3716
4777
3545
4981
4732
-2609
-3971
-4780
-3348
-621
633
4766
-1260
-1436
1191
-1347
-360
-756
4133
4465
-3190
3117
3152
-788
4626
-2065
2456
-4024
-2059
-3586
-3334
-775
-3808
-4788
-794
-4076
-2398
234
-3857
-746
4613
1776
-980
-1647
-4660
-4788
2004
-20
-544
1138
-554
1264
-744
-2402
-4523
-1117
532
2932
-142
3472
4345
1523
-2303
-4463
1734
1902
-3539
4336
-2863
-2397
-1409
-3250
4378
2610
102
4718
2822
-2893
-302
-2722
3244
4143
3542
-2499
-3259
4018
1382
2273
1951
-3759
746
1297
2764
3443
1834
-501
345
3294
-1165
2482
-4102
2425
4232
-4723
35
-665
4994
-2142
1441
-307
135
-313
-1164
-1322
2186
576
-2303
-1430
-2149
4648
-189
3596
945
-2425
2039
-2220
2073
-2614
-3925
-4091
4868
-3028
3333
4100
-2752
-1631
-1564
-2757
