1724
2383
-2647
4387
3948
3731
3723
-4345
-4168
-1383
1934
-3507
-4921
-3698
-4695
-1821
4136
-1643
1261
2102
3359
924
1683
-3548
1475
-1281
-3393
-1724
2509
-1476
3195
-766
-4093
-4452
-1378
4854
4279
-2655
-4490
-4889
961
2444
-3397
1039
3746
-3092
4218
2882
264
479
-15
-1375
-3595
-3331
75
2879
387
1681
-3844
-2103
-4795
4350
2130
-3889
4898
-4248
-4034
4177
-1903
-3525
4287
4057
3918
-4109
97
2664
-2201
-684
547
3062
4795
-4467
-3313
-3800
-2798
1762
4078
2588
-1556
-4766
-4514
-1351
4584
2616
-240
4482
3368
724
3660
-3535
2199
2948
-4477
1118
3838
619
-1216
-3363
4935
4330
4699
4730
4863
-3613
-4070
-2935
3148
-4992
4652
-3407
-4758
-4861
240
4825
2754
-4999
4308
1122
725
2969
2586
-2075
917
3108
4043
-244
-1271
-2173
1392
-1336
-2842
1091
-1606
-2979
2478
-676
-915
626
-669
-1262
2218
-427
-1124
-2540
-601
-3370
-2539
-1292
2751
3185
-3323
338
-3889
2593
-1552
-4846
-2650
2175
-2019
3741
-4160
137
-166
-766
2157
-2688
3556
-3757
2938
-2112
-20
156
2459
3854
2616
-3141
-4515
-4923
565
3236
3262
2241
-1425
4372
-165
2022
4525
2183
-801
-2493
925
37
2643
-4241
4271
-198
-1929
2827
1043
-3991
-4285
-3977
1165
3174
4877
-1217
-4967
-4638
-1140
598
3597
-2878
-2160
-2827
-3505
2674
4194
-3979
-141
-1606
-1473
-4215
3431
-3830
-3456
2702
970
-386
529
-2985
621
1244
-1963
-3212
-580
-2085
569
-547
-1724
4428
-4949
-3127
-3449
-2109
-955
-1955
-4434
-1760
-935
424
1632
2590
1208
63
3760
2751
-2233
-268
-2635
3296
1745
2986
-458
4782
4773
3960
-2303
343
-1586
971
-227
-1535
2844
1323
1355
-3110
4367
1920
129
-1567
-2655
-3238
-3976
3553
1825
4783
1304
4591
-484
3668
2887
-3739
1655
-2570
-3956
1429
-3610
-1260
-3226
-196
4711
1545
3267
2556
-2131
-377
4445
-2763
-3456
-425
668
-1111
1336
1692
-2558
-1837
1475
3745
-2246
-4008
2414
-4358
-2748
-929
-1929
-1705
-4500
-539
2034
-2727
4263
1746
3818
2531
-697
-3312
-2845
-1251
-1076
-1302
3322
4592
2586
-340
1284
-4972
2821
-2239
3773
-4424
-1248
1188
-3782
1003
-4741
-711
4298
-4242
3749
1332
-1969
3012
-1921
-3151
544
2381
-1463
2698
-3870
2459
-3603
4452
2052
3982
-887
-1663
4010
-3066
1097
2783
-2490
4848
-1028
-1273
851
-770
3015
149
-12
1764
-3517
3018
-222
-438
4867
-4678
-3057
-1596
3020
-1927
-4136
4416
-2475
2915
3398
1636
-3748
2409
3570
2349
192
-3920
2197
4164
-193
-1950
-1605
-2177
3198
3381
4586
4681
1399
-636
-757
1266
-314
1185
4670
-2294
4257
-4466
-2877
-3217
3448
-4478
3419
4700
2930
1989
2049
-1876
3069
-752
-2712
-2123
2296
681
698
494
-936
285
176
-4537
4649
4418
1729
-665
603
1400
2040
-138
1933
4162
1643
382
4683
62
82
2614
-2947
-2867
-4262
-4877
1379
-1975
-2000
-1324
3706
3698
4170
-2230
-1016
-653
-1767
-1367
-1235
4961
2967
4368
1362
7
-770
-1704
-829
-4126
3677
-1146
936
-1239
-3531
2989
892
-2794
3112
-2728
229
-3888
947
-1064
4810
117
1705
-1206
4464
4937
2426
-1770
4898
393
-2402
1260
-4598
1827
4556
-428
2700
3234
3425
-1362
-3005
4893
-3373
2886
-2900
4738
-4841
2328
-4149
1106
-3735
-4339
-3776
2970
-545
-4312
2907
-3119
-1083
2806
2274
1514
-932
2676
-1657
-1376
-2752
-3956
-3142
-4326
-319
-1147
-4433
1307
-3260
-2334
1046
-3102
4994
1896
3003
-3740
2557
4227
4229
-2987
4915
2137
-1106
-1167
-56
-3832
-4652
4010
3843
-1310
-2365
-3908
-267
-508
-3235
4413
3344
-2668
720
-4916
-2
-3233
-3018
-7
3663
4985
1252
1221
4212
481
3233
4128
-2380
-2873
-2039
2562
-1705
-1691
1572
-2861
1997
4206
-1769
-3269
-1301
-4
-3856
-2956
2326
1863
-2873
-2676
3630
-892
2316
2294
-906
-1431
-1483
-1693
4050
-3250
-2565
-3330
-1123
395
4231
2171
3703
804
4310
701
10
-2459
2431
3709
2535
3574
-4247
-138
438
-2120
2185
-931
1987
-498
-3636
-3919
3070
-120
-613
2120
1629
1821
3789
-4494
-2783
3020
2677
-4079
-1175
1987
1621
3835
4527
-947
2545
2062
-2373
3298
-3075
3065
-3822
4110
-2866
3165
-1387
-1502
4245
-3317
3376
-1367
3802
5
-4546
2592
511
-2329
612
-1811
-1409
4437
-4823
-4788
3273
4703
-735
818
1766
1891
-882
3691
-43
295
2801
2090
-1539
-3585
-4412
-2294
-1903
3964
1337
-3100
-1029
1790
4491
4482
4460
104
-2328
-1948
-458
-2152
-1736
-2185
-2449
2527
3633
4317
-580
-2249
3008
4376
3046
809
1466
-3493
2223
2054
-788
-4679
1019
-4450
-2780
4989
2340
-3288
4472
1801
1815
-2856
4852
-3643
-9
-1883
-828
2541
-4356
-2194
1858
63
555
-133
-560
-1397
-4324
-4093
108
2899
2961
4320
3219
-1019
4869
-4560
-1029
2209
-2849
-1557
-988
3965
586
-1136
-4678
-4423
1979
-506
3117
2623
2298
-24
-2312
-2145
4841
2126
1456
-4482
3033
-3435
3416
994
-4115
1636
4975
-4245
2075
-1054
2964
4225
2388
-3024
3190
-2025
839
3512
-1448
-2180
-1993
-3331
-4556
-4695
1644
-1869
-1841
1486
-4742
4615
2003
3291
-3820
420
-714
-2935
-2943
-739
-2181
4131
3206
-4216
3357
595
-2241
1548
3570
3597
60
-2878
-3582
3067
-1209
-3139
3371
-4564
-8
-3469
1921
248
-3854
-1075
-1460
-2674
4345
2825
-609
-3598
-2913
2209
-4466
-4706
2992
3891
888
-4249
439
-540
4348
-4499
1580
-4233
3567
-4628
-2373
1938
-4193
2618
3469
2727
-2133
4614
-3347
1406
-3059
-4002
-767
1330
-2600
1318
-1459
-2067
1611
-3467
-3176
-2499
-2716
2263
1959
-3367
2763
-1459
-2601
1330
-1087
25
-1730
-280
-2356
-3261
-2553
510
-3646
-900
-3082
-1705
96
1149
4624
2496
-2531
-1834
-4571
4080
-302
-2747
-3419
1981
4515
3540
3614
2278
-2918
-3987
-1390
994
1038
1879
-4286
3682
3617
-1840
-807
4971
2259
1110
-1734
-2643
-2740
-2110
4852
-272
1055
-4719
-1192
-4246
-2466
388
2734
-2950
-1071
1348
4328
1010
2361
-2062
