-4665
-1700
1906
-775
-2937
-2498
1365
3636
-1983
-4750
-1350
2653
-1821
-3642
-3932
2606
-4183
509
646
2432
4817
-2811
-456
186
738
552
2285
1288
2961
837
-2252
3295
4136
4654
-2479
-3800
-2844
3886
4835
171
4135
-1514
-2174
-2685
-157
-1106
4920
659
4402
567
-1907
4220
2756
2636
-593
-1505
-1811
-3307
4783
-3850
2529
-2469
4445
1666
-2815
-3033
2865
-659
-4146
2701
4512
4988
-3813
-2662
-2696
1029
1230
-2775
-3310
633
2791
-218
-146
547
-2581
4260
4042
606
-4047
3825
1756
3482
-3644
1202
148
-1459
3169
-1985
2881
4022
-4284
2393
4010
-3097
4730
-3685
2932
961
-1461
4622
-3404
-3670
-596
1448
1877
1821
709
919
-2571
1662
-255
4185
144
1100
387
-4706
4641
-1443
-1692
2522
-2421
-976
-84
-3410
925
-353
-2096
-1141
-4392
1441
-1519
-2797
2771
2884
3651
-351
-293
-639
-4432
2134
-3976
312
1319
1167
-3587
-3292
1461
-3945
263
4768
3576
2842
-1207
-1508
4431
4718
3137
-2664
-1423
3745
3777
2057
-4052
1548
-58
4599
-3802
4647
-1039
-3234
1782
-16
2077
-1898
-3848
3490
-191
2612
4544
-4927
2381
3121
2914
-3826
-3387
2346
-4108
4750
4681
-531
3495
3458
-3474
4443
6
1466
4043
1204
1114
-1996
2969
-2103
2986
46
998
4137
-1462
-4192
1750
-1918
-4120
-868
-3797
3794
304
-2184
1140
1196
-2433
821
-4335
-3937
-719
-2810
-4493
4287
3656
4549
491
-229
-2447
-1539
2666
-4460
3507
-1335
4677
-2955
-528
1427
126
351
-4440
1329
-854
864
4145
-4714
-2939
-3288
1107
-2275
-2225
-4612
-85
-1719
4674
-1429
-2170
165
3340
382
3626
1007
921
2133
4671
599
4178
-856
-2973
-694
4494
-2414
-4364
-1359
3450
4780
-1074
-4489
-3507
-4967
-1764
-733
-4579
3149
2546
-4905
-3279
-4623
260
-4938
758
-1113
1068
-3319
-3979
739
2279
-4800
4883
4306
-495
4378
-3107
139
-1981
-4657
-79
1944
-4147
1412
1977
-911
-4321
2397
-2761
3225
2492
-1041
3601
-2247
-980
-639
1639
-4912
1040
2660
827
-1679
2860
711
-2373
-2635
89
-481
2504
3107
-139
-2575
52
713
3837
-2970
4801
4516
4426
-2960
2742
1918
998
1343
4671
-4982
-4295
1311
-4894
1745
-1027
933
-4934
-3167
-3355
-2307
-802
1734
2211
-3297
-157
-2927
-872
4894
2785
-2035
-3076
2587
-2519
-3649
4627
-4776
3269
625
1566
2941
643
2271
-747
748
-982
3225
-3317
-916
-4942
-1673
1775
-744
-4938
-1012
957
-96
1059
-4915
-202
-1155
-1951
1720
-3567
529
3071
-3940
752
1340
1685
-2680
-718
-2671
4591
3534
3077
-1391
1759
4759
2691
1817
-1913
-532
-3927
-1852
3454
2029
3050
-486
2113
-2152
3358
-4837
4568
4790
692
2639
-4149
-3555
-1019
2535
-1235
3261
4863
-1643
1795
2940
1964
-1444
2700
-344
-4627
-4213
4122
-3555
-1066
2577
3473
-3015
-2909
587
-167
-4551
749
-599
-4760
-3558
-2959
-3910
-2113
1021
3625
1651
-717
3488
-4992
-3921
1429
1971
-366
-869
-3372
6
-83
-4249
1450
3850
3327
-75
-4165
-4582
-4488
667
-4133
1261
-4932
-3893
2703
-2891
-2803
-4410
3129
-4178
2240
-2587
4310
2248
-1508
740
-780
3125
4870
847
-1868
-212
1598
4582
-1362
-74
-493
-527
343
18
-4860
1210
-3719
-4792
2316
3983
-2683
4512
4573
-4554
-4666
1813
-2141
4644
-937
1349
384
3282
-525
255
-870
2606
-4957
-4272
2188
-1320
653
-3304
3152
-4003
1714
3291
2206
2994
3499
-476
1978
-4184
-964
1551
-3738
-630
-1634
-879
-985
2427
-4530
4398
709
-55
-346
4839
-2448
-303
-4433
4739
3375
1220
-3564
1528
2216
3150
-179
-576
1145
-1680
3947
-1876
-864
-2017
4674
396
2352
-1960
4517
-3633
-4532
4986
-4234
1176
-68
419
1016
2482
-4884
1583
2222
3491
-2196
3658
19
-4979
1808
4839
-556
-2046
-1840
-1608
1076
2294
1373
751
-2308
-1273
3791
-2791
93
4258
-2804
858
434
2127
-3721
-3549
-390
-3606
3033
-3167
4884
-4162
-4509
-95
-4142
2298
-255
301
-4747
2904
3692
1328
198
66
-2920
2890
3792
-4128
-4900
-1114
-4870
-2704
4744
564
4422
-3977
2015
-968
-2583
49
864
-2698
886
1354
2205
1743
-1346
-3049
-2954
-1094
4854
-4262
-4766
53
803
-2686
-2056
-403
-1815
-1956
3482
-1685
338
3226
3878
-239
4249
893
3792
-3334
-4057
-343
-1033
1828
-3988
-3827
-1427
-335
-1877
617
3569
-2023
1355
3803
3029
-2840
-3882
-4026
1755
-697
-983
238
2616
4355
-1534
1494
-884
-2285
-2612
-2092
-620
-1669
2564
3346
-4841
3575
4518
-1268
-1760
-2359
4348
-3190
617
703
-4387
-1352
2862
-3269
-378
-381
1032
3638
4856
-1351
2993
-1678
-4856
-2891
1036
-2468
16
-4583
861
-2418
3762
1020
-3843
3281
4751
-603
-4077
4100
1205
1539
-195
1818
-4812
-2333
3548
-191
2285
-419
-1553
2141
3229
-3559
-4536
3372
-1450
1499
-4095
3565
1915
1766
-3852
678
-2212
-2696
-1040
-2461
1699
-118
-3360
-2094
-3578
1443
4723
-3391
4110
3271
1417
1395
-2148
4864
-1463
-3918
-3695
-999
4454
-146
-4499
-4641
-1580
2416
2124
-433
-1905
4911
1869
2054
-2549
-1430
-3063
-909
1474
-1642
-4466
1197
-33
4643
-531
-3616
1038
2320
-3752
4575
3401
-2447
-1423
2855
2405
-923
3214
-4175
-3507
339
391
-412
251
-2738
-3358
2701
831
-1421
-3207
-2694
1935
-2674
3503
-3097
-3030
-2027
-1714
3008
-4706
-466
2584
3694
2085
-3839
1550
-508
236
-235
316
1729
-4896
-4292
-3683
354
-2031
-2041
-1943
3799
1536
-151
-3894
-1527
2174
4609
374
4143
-2418
3660
2151
-2125
-1806
-264
-3430
-4720
896
3119
-229
-3867
-2115
-4913
2862
-2012
-4206
4178
3342
-1237
-2863
-3600
-2437
3673
1247
-1331
-2854
-1577
-1722
2519
-2433
859
1180
4718
3734
4373
-545
-4696
4653
-4649
3423
-576
-3516
-3692
-489
4345
-704
304
3523
-2361
4066
-4339
-962
-3370
4333
-4714
298
-3520
-1292
3576
3999
1273
-564
179
991
-1830
-446
-4554
-1526
-793
-4204
-3102
3630
-2721
-1794
-1859
-3375
2500
3444
-4852
-4861
2511
-4191
-824
