-2736
-523
1381
-487
-3734
3697
-1896
3508
2888
-4632
-3744
3581
1227
-3805
-4353
4813
3107
3743
570
-1604
4151
-4547
1918
-443
1330
2872
337
3043
-2805
-4333
1841
-541
142
-1776
3970
1408
-3078
-2925
-83
4810
-2558
1171
3391
3668
2365
4038
3482
473
2781
-946
3868
1933
-494
786
-3510
-4163
-1340
1827
3880
854
2494
722
-4687
-2363
3946
4283
4044
-4132
-3642
-1038
-4322
-1201
-4866
4069
-2532
2499
3107
-4050
-2027
888
2
-3159
-2178
4508
2627
-688
-4655
-3712
-3861
4225
2141
3632
-52
2454
-3730
-1106
1737
-4685
-239
3095
-724
438
-3106
-591
-492
-639
-3092
-2385
310
-119
3503
-4686
1721
-3674
4821
-650
636
-4833
636
1774
4391
-2221
407
-661
-4767
1676
3232
1970
1990
-2006
65
-3733
3431
1959
674
-2060
-3680
2582
554
1629
-2537
-942
1942
4184
383
1764
-1466
-3979
1930
4169
2795
1322
-3051
-1797
-4339
-2818
4878
3893
4151
1869
-3113
-782
3135
-4681
-3823
-1189
-1742
-2503
-3606
3811
4125
-1143
-2130
1068
-1959
3253
-2166
1573
4273
4764
743
2068
1086
2691
-4729
1747
4872
-4850
640
4024
2019
2526
-1758
155
2844
-581
3965
-3897
1914
-4640
4914
1040
-784
-2215
-2890
2255
-3962
-57
-1170
-4689
-293
4573
2378
-4206
2264
2649
2540
2137
2799
-1819
1162
-180
-4292
4403
4974
3552
-1177
3940
4654
-4263
4299
4569
1776
-1484
-2646
3886
-4228
-1609
-1171
-399
-1298
3535
-825
-3919
4328
-3560
3729
1868
3576
1529
-4950
-261
-3651
-4242
-857
-3676
4309
2965
-4736
3964
3701
4563
3533
478
-1921
-4112
-635
-1150
-722
3193
3450
2978
1728
-2375
4058
1057
-936
2788
-2073
-2359
-681
-2024
2379
667
-1266
-3477
1990
-1957
4487
2254
-2992
3189
1817
-4458
-1332
4896
-3571
3032
-1254
706
1225
-2803
-1314
-2045
-179
-2255
4011
3883
-4467
-3062
-3475
-148
-86
3903
-4480
3646
-4574
2509
-3310
4912
-235
-1303
3101
-3417
-761
-3230
-3521
666
4801
224
-3626
1027
2420
58
3981
-2758
2802
2993
-3874
3335
4931
-2350
-1813
-154
-3447
-1294
-1508
-3021
-3784
181
-3108
980
3878
4992
2562
-1883
-3237
4041
3783
-3435
-734
-4843
2591
-3313
214
1573
-1071
-1983
-433
53
-3648
-502
2703
-461
4342
4256
3244
-2165
-3765
4459
3015
-1874
439
1893
-1881
-1997
-4989
-118
-2956
3793
1445
1309
3949
-963
2996
-836
-4390
-3075
2180
176
1977
3532
4674
-318
-1929
4017
-1062
-3685
-3147
171
-4225
4867
3297
1213
1761
-3584
4216
1772
1296
-3740
565
-2258
2568
-485
1778
565
3678
2388
2489
858
-2435
-532
-608
-2760
4148
2461
-3743
-1914
3775
-1891
3256
4550
-2023
1554
763
4738
2969
-19
1510
-733
1239
-2924
2008
-1191
1590
-1213
4373
269
-3824
1863
-3871
-1260
-3669
519
978
-4521
-2019
2235
-1436
-3243
-4656
-3179
-3693
-1679
3374
2070
-1941
1344
-2949
4568
-4388
3290
-3355
2619
-2901
3234
-3593
-3527
-1496
-2418
3335
-368
1321
4665
-4849
-2699
-4855
-1868
4535
-1291
-112
4879
529
1194
-1800
-1095
-1735
1257
-4751
315
826
-4140
-1394
2470
3479
704
704
4885
2176
4208
-2533
512
-1159
3788
177
-1009
-3911
322
2122
-4376
4030
-2989
-4497
-439
3204
-1297
3464
-3530
4959
3713
1784
785
4573
-4610
-1744
3052
1093
3960
2938
-1729
3169
-4594
3782
-2990
4193
-1039
1000
-4718
4282
-1877
-4094
3313
132
-3591
-2126
-1663
110
-3662
-194
70
-4948
-3410
-4143
4624
-3020
-887
2677
3073
-1926
615
-3656
-3757
1020
-4873
-1748
214
-913
4251
496
-1630
-2626
1401
-3317
2506
2810
-443
-4157
-2078
894
648
2991
945
2238
3848
570
4218
-2039
-1752
2291
1033
3862
3635
2275
-116
3761
-4473
-4901
-2151
4778
594
1217
-2847
-3003
2900
4658
4806
-2543
-4498
-2271
3350
1149
-4280
-703
-1611
4567
4866
-2393
-2471
-1886
4898
3561
-3023
3533
836
1860
2295
1363
1958
-4856
1141
-2446
1360
3293
-450
-738
2952
-643
1717
3453
2084
68
-396
2804
4364
2991
2372
4230
-4401
4900
-2655
-4503
3462
-679
4029
-700
-3818
1325
-4336
3140
1468
1804
-4306
-2170
98
243
2090
-1948
4600
-1191
-3495
1685
3876
1107
-510
3240
-901
-3137
2471
-303
-3236
4816
193
-4774
-862
-777
-474
318
-4451
188
-1541
2016
-3006
-847
4846
2092
4395
1937
-4856
3995
-4254
-3352
681
4621
2754
-4828
2862
-3146
-2966
334
1550
-1202
150
-3256
-976
4288
966
3548
-393
1514
-1262
3065
-1468
730
-2782
-1622
-2177
-3386
-4684
-2033
-4390
-3939
-386
1290
-4317
-2631
1461
3545
-777
3495
-1119
-4227
-2706
4030
-2483
1316
3319
3483
-135
-2074
-2
3602
-4008
3529
-667
-1790
-3092
2155
-177
-2777
-4878
432
-1716
-264
-3277
-1034
2104
3184
-2489
-3673
1680
1390
-2900
3973
421
-383
289
-1259
-1900
-4845
1666
3097
3756
2658
1626
-1910
-4132
3533
-4755
689
-4243
-4633
-3877
-960
101
-2154
3004
-2794
-3970
-4484
-1467
2710
1906
632
1684
-2671
-4751
-3026
1069
-1652
-2871
-2263
-3555
-4114
-4605
3070
-1025
-3738
1604
-780
1951
2361
-414
3073
-3599
4687
-4081
4405
-3106
-3051
4920
425
4659
1827
-3942
1343
4155
-3694
3317
225
-346
-4554
2961
1097
-3668
3355
-831
306
4617
-4226
4525
1568
3134
-888
-358
4535
-1200
560
3940
692
2509
3861
-3881
2168
688
-2823
-1488
-155
-1517
-3171
-4930
3135
-2725
3030
-766
-1394
1386
3402
3911
1003
4176
3437
-2428
2311
-2450
2213
1846
1348
-2225
786
-2959
-4716
-352
-1840
2451
-4663
335
-4037
180
3817
-2209
249
1953
65
-1720
-3812
3670
4665
4589
2582
668
3766
1019
3240
1077
3568
453
-2075
-83
3227
3710
1957
3511
-1641
-4882
962
-1305
452
1925
3874
-729
4715
-876
-3775
-219
2403
-2588
-1548
2069
-2998
-3966
-2262
-4232
2052
-4021
1845
621
1432
4769
-4461
-339
3480
2495
-1828
-3161
2612
4133
533
-1934
1058
-592
2336
774
3531
3560
-4444
934
-4027
-992
-1996
-2026
40
741
-1258
-2906
1720
-4412
2714
-1847
-4643
3252
