3810
3219
-148
-2442
4715
-39
-552
171
4798
2959
-70
-553
2758
4268
2212
3650
-424
2279
3945
-1927
4119
-4115
4651
-4503
-541
2467
-2166
-2191
4963
-4053
3696
3774
4166
-1452
-3667
3881
3507
779
-947
3305
-1260
3982
-2247
-3501
3250
4965
-4850
-2173
2244
4094
898
1364
4979
550
1861
-561
-1981
4694
2246
-2018
-4359
942
-3243
4807
4490
-1910
3688
2997
3869
-2258
1303
-2391
-3275
4055
-893
4975
4021
-744
-2198
1266
-1649
3700
-2369
-1670
-749
4491
2768
2268
4186
14
-4749
4827
-4042
-2992
4634
-4552
96
3323
3445
-1034
-3935
-251
1574
-2210
-1195
-4318
-2235
-2174
-62
565
4092
3287
-733
-3277
-3382
3516
-3785
4385
785
-4599
-599
1036
-4772
358
3043
4862
805
-1859
3185
-748
2105
4249
3999
-1319
-2961
-2195
-638
-197
629
4298
-4631
-278
2585
-364
1444
4202
-1847
2658
3588
3937
3059
-2011
-25
3287
3346
-1982
3149
-847
1158
1334
3404
-1735
584
2403
1944
2622
-4792
-3694
-2574
837
-4396
-2205
-4440
3189
2429
2004
2391
-4418
-336
980
4519
-2277
3969
-506
-3989
2316
2511
4159
-3531
-1330
493
4873
1933
-3922
2276
-1122
3700
2484
183
-3873
-1677
786
-1078
-1117
-1024
-3649
-4112
-3632
-3067
550
2347
-3548
3273
1317
945
4283
-1366
-1543
3442
102
2126
-1063
-24
-939
14
-2747
2938
-1284
4737
-1878
-158
-1939
3907
3763
1942
-2116
-4886
2829
-749
-2953
-1619
-3401
-1501
-3346
2915
4443
-4063
-3451
-2099
4379
1651
-4972
-1684
-3373
-912
3330
-1121
-2974
-2954
-1384
147
1887
1675
-945
650
-1381
1938
764
-3551
-3810
2810
-171
-2212
-3691
1482
-4296
-4247
2419
-2747
-1347
1798
3903
-1319
-4885
-4469
2767
3444
-591
4793
-4510
3024
-59
2376
-299
3995
-1972
3319
933
3791
4767
2122
1601
-403
4910
2910
-3921
-4385
3663
3497
-2132
-2684
296
-3228
995
410
-2698
-1236
-1144
1710
-1443
-655
-265
3497
-3278
4435
2492
-251
2754
-1573
-1459
2522
-4451
-4857
-2881
-4540
3052
-1802
-3925
1716
-3304
-1058
4031
1991
712
27
-2597
3013
3791
1257
-275
-2651
-4397
4458
-4154
-2676
3894
3338
2072
1648
-3235
-4387
-828
-2686
-4245
1289
-2227
3807
4487
-1153
523
-3817
2788
-444
3174
-1499
4583
-4423
-3485
3375
1833
1238
-4276
2435
697
-3430
4759
-407
4907
1831
-3759
-3328
2444
411
-1015
3199
-3298
1757
2007
-3811
-4395
-2469
-2628
3392
2086
-4454
-3106
1670
-3878
-1592
45
2954
4646
769
390
344
2338
149
4936
2246
-3018
-3823
3918
4425
1588
-2096
2624
3290
4660
-367
4479
-4734
2163
-3149
3657
-750
-2604
-4449
-4079
-1482
-1041
966
-3528
-1395
-3264
1862
3948
4074
-2988
3884
1320
-1006
-4938
238
-1581
1650
3142
-3956
-58
2802
675
-579
3068
-2161
1271
1725
2088
3666
2276
3009
-2816
-3765
-1024
-1344
-160
711
-4481
-1211
-214
-2469
-2326
-3893
1523
-2264
1345
4942
4385
-512
-4014
-672
-2709
1661
3747
-4641
4500
18
2084
1589
-1314
-639
-401
869
595
3574
4525
-4564
-714
-4956
-776
4071
-2426
1897
-4821
4096
4632
1524
4038
4018
-3988
-4975
-1654
-1697
1686
-2906
-1338
1187
2111
-4254
-2223
-4202
106
2375
1666
-4298
949
1191
-3862
-4764
1235
361
4307
3808
-2741
4485
2905
-3109
1010
1944
-4090
2021
1969
-745
-4675
-1344
1347
-1014
4842
-1540
-268
-2380
-743
4837
4994
-4076
-4460
944
2115
-3323
1180
-1649
2038
488
-2840
4296
-26
-4934
-3812
-4016
2009
-2903
3005
-1020
1351
3330
2634
-2300
-2683
2477
1159
2047
-4903
-4584
1884
-4908
-3660
2424
1036
3455
4101
-2783
-3194
1139
2704
-1034
435
-2321
-969
1623
-1337
-3959
3719
-3331
20
71
4999
-2344
2770
-2684
-4867
-1070
4362
-4770
-654
1247
-4678
685
-1328
1357
-859
-2227
3574
946
3911
1279
4911
-653
3958
-1057
-4030
-2378
-16
4689
-710
-4995
-238
-711
-2340
-2468
1603
-2208
1461
966
-1978
-4192
-2786
-1657
1492
884
4700
-4367
3656
3274
1579
2568
-445
1491
-3084
-1487
-4566
-2114
1133
417
-2425
-4576
421
2335
-287
3081
4867
-3684
-4127
1329
2282
-1105
2136
4495
2237
-1371
380
1937
-738
-962
212
-4159
-3394
4767
2331
-1479
-1720
2765
1405
4413
-1816
3980
4836
3605
1316
-451
1686
1183
864
2559
-2486
-1853
-3545
4649
-2357
3691
-1721
3022
629
2539
-2940
-4157
3380
-1335
-4390
711
2185
-1110
-1522
-1409
-1697
1661
-2429
-1860
266
3886
2688
-3046
70
-1447
4512
2583
1699
-4033
2233
4341
4658
-4488
2364
287
3050
4423
1129
1431
-1911
1739
-2856
-4726
-4371
620
-1135
-1068
-2717
1434
2071
2548
321
-240
4502
-4607
3312
4014
2976
11
4981
209
-646
4639
721
-3281
-72
-1227
-3858
-3943
-4796
-769
2796
-2653
-495
3425
2967
3368
-2642
-4750
-196
4428
2798
-4875
-812
2300
-4482
-2499
1315
3494
2511
1296
-1295
-3134
936
4425
-1416
-4136
-1802
-274
-3080
-1599
3956
4716
747
-1539
3141
-1285
-3171
-4500
-1035
1631
4927
-3237
1756
-884
4063
2274
1615
378
768
-872
-3324
4472
993
2611
3897
4577
3474
-2904
-696
-4605
496
-1740
-4889
-3756
1720
3252
-42
3549
3751
3922
181
3679
-4315
-3062
-2204
4747
4212
4411
126
-19
-1460
1801
-546
4532
-587
-1649
4110
-2113
446
-1586
-1719
-4057
1673
-1608
-2814
-1606
-3356
2143
-3057
-4604
1065
2123
4075
1749
4061
-3129
1497
3273
-3718
-3375
-1745
-179
3425
2707
-646
-2162
-3941
-1536
724
1504
1877
4004
2446
-1449
-2603
4631
1943
-960
1774
3885
-564
-2159
1009
-1489
4590
70
381
1087
-1655
1663
2711
1598
-3515
1137
-694
838
3974
363
4301
-301
-3131
1178
-1296
4314
4728
1099
3946
1672
-4860
720
558
-424
3561
-3432
3086
3151
1638
-1532
-760
4982
-4868
-3048
1581
-3384
3088
-4113
2453
2063
1250
1755
-3237
3118
-2065
465
2432
-2336
-3434
1378
4335
-3294
-2900
-106
1280
-4338
1461
-633
3812
-1900
2834
-1948
-1917
2965
3
4663
4581
-1908
-4449
2035
-4845
1800
-1209
-3082
-80
